0.0 0
 8.33 15.716981132075471
 16.659999999999997 15.570093457943921
 24.888753576223742 21.272438954037387
 32.27387678811187 27.584510075309293
 36.22573178811187 30.96216392146314
 40.17758678811187 13.087161820231879
 46.72944178811187 3.8460445916141457
 55.05944178811187 2.814899886917785
 63.38944178811187 3.153703571547854
 71.71944178811187 3.4747791564007686
 80.04944178811186 3.6602396793832583
 88.37944178811188 3.8644268381334443
 96.70944178811187 4.089194155945534
 105.03944178811187 4.342267126420499
 113.36944178811187 4.575038005977073
 121.69944178811187 4.804557512361306
 126.44922089405594 4.992073466010894
 126.69900000000001 5.001934465061193
 126.69900000000001 4.999960536700868
 126.69900000000001 4.99404808829326
 126.69900000000001 4.9881496062992134
 126.69900000000001 4.982265041289816
 126.69900000000001 4.976394344069129
 126.69900000000001 4.970537465672813
 126.69900000000001 4.966640533124266
 126.69900000000001 4.960806577916993
 126.69900000000001 4.954986312084475
 126.69900000000001 4.9491796875
 126.69900000000001 4.943386656262193
 126.69900000000001 4.9376071706936875
 126.69900000000001 4.9337616822429915
 126.69900000000001 4.928004667444575
 126.69900000000001 4.922261072261073
 126.69900000000001 4.916530849825379
 126.69900000000001 4.910813953488373
 126.69900000000001 4.905110336817654
 126.69900000000001 4.901315280464217
 126.69900000000001 4.89563369397218
 126.69900000000001 4.889965264376689
 126.69900000000001 4.8843099460292985
 126.69900000000001 4.878667693492492
 126.69900000000001 4.873038461538462
 129.29900000000004 4.6293949158610825
