0.0 0
 8.33 15.716981132075471
 16.659999999999997 15.570093457943921
 24.989999999999995 15.425925925925922
 33.31999999999999 15.425925925925922
 37.9595 17.57384259259259
 45.199000000000005 3.4875771604938275
 53.529 2.598495145631068
 61.859 2.894665418811418
 70.18900000000001 3.2035143769968055
 78.519 3.4959483526268924
 86.849 3.7760434782608696
 95.179 4.041571125265393
 103.509 4.296762141967622
 111.839 4.538920454545455
 120.169 4.772398729150119
 128.499 4.994131364166343
 136.829 5.2085649029311005
 145.159 5.414360313315927
 153.48899999999998 5.609978070175438
 161.819 5.799964157706093
 170.149 5.891585872576178
 177.739 6.154397506925208
 185.0954 6.409120498614959
 192.45180000000002 5.930718027734977
 200.78180000000003 5.300469904963042
 209.11180000000002 5.44136872235233
 217.44180000000003 5.574001538067163
 225.77180000000004 5.669809141135109
 234.10180000000003 5.793165058153924
 242.4318 5.9187451171875
 250.76180000000002 6.004832375478928
 259.09180000000003 6.119315068493151
 267.4218 6.236515858208955
 275.7518 6.308666209105468
 283.3954 6.483536948066804
 286.539 6.5554564172958125
 286.539 6.5554564172958125
 286.539 6.550960219478737
 286.539 6.546470185058259
 286.539 6.541986301369863
 286.539 6.53750855578371
 286.539 6.533036935704514
 286.539 6.530059252506836
 286.539 6.525597813709862
 286.539 6.521142467000455
 286.539 6.516693199909029
 286.539 6.51225
 289.13899999999995 6.29658101045296
 294.33899999999994 5.71199301377838
