0.0 0
 8.33 15.716981132075471
 16.659999999999997 15.570093457943921
 24.989999999999995 15.425925925925922
 33.31999999999999 15.425925925925922
 37.9595 17.57384259259259
 45.00078073378652 3.7531927217503354
 53.05366873378652 2.787896412705545
 61.38366873378652 2.914704118413415
 69.71366873378652 3.225991149180311
 77.13505703291843 3.5694149483071924
 84.38292844634589 3.904809275629148
 92.1462836208278 3.821911390328818
 100.47628362082779 3.718589327195699
 107.97829570767514 3.9962359625342394
 115.97186867549898 3.9299176101490674
 123.29500496269006 4.178075396905796
 131.3481406369409 3.9862865140194508
 139.16554628030605 4.223537064652687
 146.81256266201112 4.455616469256786
 155.1402636933788 4.27265942421864
 163.1527560634569 4.4933284512106
 170.23415428207966 4.688354565741659
 177.58285671292307 4.508323348893706
 184.04374054738088 4.672346802421449
 191.0559165473809 4.3303698220167925
 198.71200860268587 4.088724456845388
 206.7549193093429 4.078006298014653
 215.0593747915716 4.108106490765455
 222.3786248463734 4.247920245393952
 229.66317509288825 4.350505305794435
 237.75650102424945 4.2043589924712546
 245.95837599883424 4.274563364595659
 253.753421855966 4.410035138268439
 261.70783094472864 4.458395757150402
 269.8232726301105 4.504562147414199
 276.4390522931778 4.615009220253385
 278.71985205559827 4.65308601094488
 278.983995497186 4.657495751205109
 279.0186198267911 4.657296274858807
 279.0290511541714 4.655139325228085
 279.03744682632504 4.652950589066617
 279.03793259875414 4.650632209979236
 279.03793259875414 4.64830805595126
 279.03793259875414 4.64598622375548
 279.03793259875414 4.64443962381415
 280.3444705410398 4.624620101303857
