0.0 0
 8.33 0.528868259183185
 16.659999999999997 0.5448313429337793
 24.989999999999995 0.541833164212946
 33.31999999999999 0.5448313429337793
 37.9595 -11.296627818147211
 45.199000000000005 10.799541924904421
 53.529 7.63557783653812
 61.859 0.7739798982357533
 70.18900000000001 0.541833164212946
 78.519 0.5448313429337793
 86.849 0.5448313429337793
 95.179 0.5448313429337793
 103.509 0.5448313429337793
 111.839 0.5448313429337793
 120.169 0.5448313429337793
 128.499 0.5448313429337793
 136.829 0.5448313429337793
 145.159 0.541833164212946
 153.48899999999998 0.5448313429337793
 161.819 0.5448313429337793
 170.149 0.9761193468258623
 177.739 -0.7420426003910591
 185.0954 -0.27836263090703917
 192.45180000000002 3.5694085948312257
 200.78180000000003 5.437220574786073
 209.11180000000002 0.5448313429337793
 217.44180000000003 0.5843254202517505
 225.77180000000004 0.807671691958021
 234.10180000000003 0.5926916164347218
 242.4318 0.5448313429337793
 250.76180000000002 0.8021498176819528
 259.09180000000003 0.5766626572997844
 267.4218 0.5448313429337793
 275.7518 0.8321172137963241
 283.3954 -2.205601736817957
 286.539 -11.66216920432279
 286.539 -2.3846084238679435
 286.539 0.02834467120181406
 286.539 0.02834467120181406
 286.539 0.02834467120181406
 286.539 0.02834467120181406
 286.539 0.02834467120181406
 286.539 0.02834467120181406
 286.539 0.02834467120181406
 286.539 0.02834467120181406
 286.539 0.02834467120181406
 286.539 0.02834467120181406
 289.13899999999995 1.921095330178237
 294.33899999999994 5.6132214619140335
