0.0 0
 8.33 0.528868259183185
 16.659999999999997 0.5448313429337793
 24.888753576223742 0.09863696547924418
 32.27387678811187 -2.773164747882314
 36.22573178811187 -8.983259823975096
 40.17758678811187 1.8972541584793554
 46.72944178811187 9.08038006894839
 55.05944178811187 7.40791246664195
 63.38944178811187 0.5448313429337793
 71.71944178811187 0.541833164212946
 80.04944178811186 1.2218907011110076
 88.37944178811188 1.0036329886032611
 96.70944178811187 0.7793134938899394
 105.03944178811187 0.5448313429337793
 113.36944178811187 0.5889388916794428
 121.69944178811187 0.5491796148112564
 126.44922089405594 -11.156063535142343
 126.69900000000001 -5.450922337549048
 126.69900000000001 0.012163606132625064
 126.69900000000001 0.02834467120181406
 126.69900000000001 0.02834467120181406
 126.69900000000001 0.02834467120181406
 126.69900000000001 0.02834467120181406
 126.69900000000001 0.02834467120181406
 126.69900000000001 0.02834467120181406
 126.69900000000001 0.02834467120181406
 126.69900000000001 0.02834467120181406
 126.69900000000001 0.02834467120181406
 126.69900000000001 0.02834467120181406
 126.69900000000001 0.02834467120181406
 126.69900000000001 0.02834467120181406
 126.69900000000001 0.02834467120181406
 126.69900000000001 0.02834467120181406
 126.69900000000001 0.02834467120181406
 126.69900000000001 0.02834467120181406
 126.69900000000001 0.02834467120181406
 126.69900000000001 0.02834467120181406
 126.69900000000001 0.02834467120181406
 126.69900000000001 0.02834467120181406
 126.69900000000001 0.02834467120181406
 126.69900000000001 0.02834467120181406
 126.69900000000001 0.02834467120181406
 129.29900000000004 1.9286063580203643
