0.0 0
 8.33 0.528868259183185
 16.659999999999997 0.5448313429337793
 24.989999999999995 0.541833164212946
 33.31999999999999 0.5448313429337793
 37.9595 -11.296627818147211
 45.00078073378652 9.833175756663994
 53.05366873378652 7.038741116501473
 61.38366873378652 2.0309076864364486
 69.71366873378652 0.5448313429337793
 77.13505703291843 -3.048581944387772
 84.38292844634589 -0.1919226711887301
 92.1462836208278 2.5028109165280505
 100.47628362082779 2.90994716888769
 107.97829570767514 -2.7491126092472253
 115.97186867549898 2.4924414233975796
 123.29500496269006 -2.069202322395247
 131.3481406369409 3.432978732474859
 139.16554628030605 -0.43994147632781294
 146.81256266201112 -0.18497989229247197
 155.1402636933788 3.3618037651398742
 163.1527560634569 -0.7689667897002389
 170.23415428207966 -2.700791629160804
 177.58285671292307 3.0824746687207942
 184.04374054738088 -2.554268532772927
 191.0559165473809 4.730280417642622
 198.71200860268587 4.4803536873795755
 206.7549193093429 2.0959414632896367
 215.0593747915716 1.6516867676992606
 222.3786248463734 -3.177289586046978
 229.66317509288825 0.4403042624558757
 237.75650102424945 3.756511749144781
 245.95837599883424 0.9928540250610323
 253.753421855966 -0.8759009683814879
 261.70783094472864 1.164687415497084
 269.8232726301105 1.1980841445943509
 276.4390522931778 -4.823616338776535
 278.71985205559827 -9.272724640072816
 278.983995497186 -1.2129717207966901
 279.0186198267911 0.012321203195335768
 279.0290511541714 0.02859258502334863
 279.03744682632504 0.028761801039562992
 279.03793259875414 0.02835116134348817
 279.03793259875414 0.028344610000518636
 279.03793259875414 0.02834467120181406
 279.03793259875414 0.02834467120181406
 280.3444705410398 0.5378933254080026
