 0.0 0.0
 8.33 0.0
 16.659999999999997 0.0
 24.989999999999995 0.0
 33.31999999999999 0.0
 37.9595 0.0
 45.199000000000005 0.0
 53.529 0.0
 61.859 0.0
 70.18900000000001 0.0
 78.519 0.0
 86.849 0.0
 95.179 0.0
 103.509 0.0
 111.839 0.0
 120.169 0.0
 128.499 0.0
 136.829 0.0
 145.159 0.0
 153.48899999999998 0.0
 161.819 0.0
 170.149 0.0
 177.739 0.0
 185.0954 0.0
 192.45180000000002 0.0
 200.78180000000003 0.0
 209.11180000000002 0.0
 217.44180000000003 0.0
 225.77180000000004 0.0
 234.10180000000003 0.0
 242.4318 0.0
 250.76180000000002 0.0
 259.09180000000003 0.0
 267.4218 0.0
 275.7518 0.0
 283.3954 0.0
 286.539 0.0
 286.539 0.0
 286.539 0.0
 286.539 0.0
 286.539 0.0
 286.539 0.0
 286.539 0.0
 286.539 0.0
 286.539 0.0
 286.539 0.0
 286.539 0.0
 286.539 0.0
 289.13899999999995 0.0
 294.33899999999994 0.0
