 0.0 2088.610750872222
 8.582399 2647.309707328945
 17.164797999999998 2089.36789684455
 23.811720268801352 0.0
 28.609469786995824 0.0
 33.41423489349791 2191.313844507353
 38.006617446748955 0.0
 45.199 6972.111367680873
 53.410491 4269.958544086867
 61.99289 2919.143000365998
 70.575289 2089.36789684455
 79.15768800000001 2089.36789684455
 87.740087 2089.36789684455
 96.322486 2089.36789684455
 104.90488500000001 2089.36789684455
 113.487284 2089.36789684455
 122.069683 2089.36789684455
 130.652082 2089.36789684455
 139.234481 2089.36789684455
 147.81687999999997 2089.36789684455
 156.39927899999998 2089.36789684455
 164.981678 2089.36789684455
 173.56407699999997 2089.36789684455
 179.44653849999997 0.0
 186.59682049999998 4461.331196422431
 193.74710249999998 2098.316414256485
 203.49738449999998 8713.998046296487
 215.70076997678564 10013.736454530726
 226.17532861515804 0.0
 235.66968783890962 0.0
 244.72703936718526 0.0
 252.8050717232108 0.0
 260.6662835779703 0.0
 267.21793836760645 0.0
 271.2491120551284 0.0
 271.4222459808877 2428.3791287358454
 271.5084324071458 2611.64448769856
 271.5267241100269 2622.0277757086474
 271.53128522307674 2624.114256401439
 271.5357462937608 2624.1434381904996
 271.5363512992761 2624.6431175100925
