0.0 0
 8.33 29.988
 16.659999999999997 29.988
 24.888753576223742 29.62351287440547
 32.27387678811187 26.58644356279727
 36.22573178811187 14.226678
 40.17758678811187 14.226678
 46.72944178811187 23.586678
 55.05944178811187 29.988
 63.38944178811187 29.988
 71.71944178811187 29.988
 80.04944178811186 29.988
 88.37944178811188 29.988
 96.70944178811187 29.988
 105.03944178811187 29.988
 113.36944178811187 29.988
 121.69944178811187 29.988
 126.44922089405594 17.09920478139864
 126.69900000000001 0.899204781398649
 126.69900000000001 0.0
 126.69900000000001 0.0
 126.69900000000001 0.0
 126.69900000000001 0.0
 126.69900000000001 0.0
 126.69900000000001 0.0
 126.69900000000001 0.0
 126.69900000000001 0.0
 126.69900000000001 0.0
 126.69900000000001 0.0
 126.69900000000001 0.0
 126.69900000000001 0.0
 126.69900000000001 0.0
 126.69900000000001 0.0
 126.69900000000001 0.0
 126.69900000000001 0.0
 126.69900000000001 0.0
 126.69900000000001 0.0
 126.69900000000001 0.0
 126.69900000000001 0.0
 126.69900000000001 0.0
 126.69900000000001 0.0
 126.69900000000001 0.0
 126.69900000000001 0.0
 129.29900000000004 9.360000000000001
