0.0 0
 8.33 29.988
 16.659999999999997 29.988
 24.989999999999995 29.988
 33.31999999999999 29.988
 37.9595 16.702200000000012
 45.199000000000005 26.06220000000001
 53.529 29.988
 61.859 29.988
 70.18900000000001 29.988
 78.519 29.988
 86.849 29.988
 95.179 29.988
 103.509 29.988
 111.839 29.988
 120.169 29.988
 128.499 29.988
 136.829 29.988
 145.159 29.988
 153.48899999999998 29.988
 161.819 29.988
 170.149 29.988
 177.739 27.324000000000037
 185.0954 26.483040000000003
 192.45180000000002 26.483040000000003
 200.78180000000003 29.988
 209.11180000000002 29.988
 217.44180000000003 29.988
 225.77180000000004 29.988
 234.10180000000003 29.988
 242.4318 29.988
 250.76180000000002 29.988
 259.09180000000003 29.988
 267.4218 29.988
 275.7518 29.988
 283.3954 27.516959999999994
 286.539 11.316959999999995
 286.539 0.0
 286.539 0.0
 286.539 0.0
 286.539 0.0
 286.539 0.0
 286.539 0.0
 286.539 0.0
 286.539 0.0
 286.539 0.0
 286.539 0.0
 286.539 0.0
 289.13899999999995 9.360000000000001
 294.33899999999994 18.720000000000002
