0.0 0
 8.33 29.988
 16.659999999999997 29.988
 24.989999999999995 29.988
 33.31999999999999 29.988
 37.9595 16.702200000000012
 45.00078073378652 25.34861064163148
 53.05366873378652 28.9903968
 61.38366873378652 29.988
 69.71366873378652 29.988
 77.13505703291843 26.716997876874842
 84.38292844634589 26.092337088338894
 92.1462836208278 27.948078628134855
 100.47628362082779 29.988
 107.97829570767514 27.007243512650476
 115.97186867549898 28.776862684165838
 123.29500496269006 26.363290633887896
 131.3481406369409 28.99128842730304
 139.16554628030605 28.142660316114526
 146.81256266201112 27.529258974138276
 155.1402636933788 29.97972371292376
 163.1527560634569 28.84497253228111
 170.23415428207966 25.49303358704196
 177.58285671292307 26.455328751036273
 184.04374054738088 23.25918180404804
 191.0559165473809 25.243833600000002
 198.71200860268587 27.56193139909797
 206.7549193093429 28.954478543965305
 215.0593747915716 29.896039736023244
 222.3786248463734 26.349300197286563
 229.66317509288825 26.224380887453474
 237.75650102424945 29.13597335290025
 245.95837599883424 29.526749908505245
 253.753421855966 28.06216508567438
 261.70783094472864 28.635872719545443
 269.8232726301105 29.215590067374787
 276.4390522931778 23.816806787042115
 278.71985205559827 8.21087914471369
 278.983995497186 0.9509163897159626
 279.0186198267911 0.12464758657835673
 279.0290511541714 0.03755277856900548
 279.03744682632504 0.030224419753119625
 279.03793259875414 0.0017487807447822887
 279.03793259875414 0.0
 279.03793259875414 0.0
 279.03793259875414 0.0
 280.3444705410398 4.703536592228335
